61
1.0   1.45  0.163  4   1.256637e-6   1050.0
3.0   0.20  0.075  4   1.256637e-6   1050.0
7.0   0.19  0.055  4   1.256637e-6   1050.0
7.0   0.19  0.055  4   1.256637e-6   1050.0
3.0   0.20  0.075  4   1.256637e-6   1050.0
7.0   0.19  0.055  4   1.256637e-6   1050.0
7.0   0.19  0.055  4   1.256637e-6   1050.0
4.0   1.12  0.163  4   1.256637e-6   1050.0
2.0   1.07  0.132  4   1.256637e-6   1050.0
3.4   0.62  0.086  4   1.256637e-6   1050.0
3.4   0.40  0.067  4   1.256637e-6   1050.0
17.7  0.37  0.063  4   1.256637e-6   1050.0
14.8  0.19  0.045  8   1.256637e-6   1050.0
42.2  0.31  0.057  4   1.256637e-6   1050.0
29.0  0.16  0.043  8   1.256637e-6   1050.0
6.7   0.21  0.049  8   1.256637e-6   1050.0
7.9   0.09  0.028  16  1.256637e-6   1050.0
30.3  0.19  0.046  8   1.256637e-6   1050.0
17.6  0.18  0.039  8   1.256637e-6   1050.0
17.7  0.15  0.042  8   1.256637e-6   1050.0
3.9   1.07  0.127  4   1.256637e-6   1050.0
20.8  0.37  0.063  4   1.256637e-6   1050.0
17.6  0.18  0.039  8   1.256637e-6   1050.0
17.7  0.15  0.042  8   1.256637e-6   1050.0
5.2   1.0   0.116  4   1.256637e-6   1050.0
3.4   0.40  0.067  4   1.256637e-6   1050.0
14.8  0.19  0.045  8   1.256637e-6   1050.0
42.2  0.31  0.057  4   1.256637e-6   1050.0
37.5  0.16  0.043  8   1.256637e-6   1050.0
6.7   0.21  0.049  8   1.256637e-6   1050.0
57.8  0.09  0.028  16  1.256637e-6   1050.0
47.8  0.19  0.046  8   1.256637e-6   1050.0
8.0   0.07  0.021  4   1.256637e-6   1050.0
10.4  0.95  0.116  4   1.256637e-6   1050.0
5.3   0.95  0.120  4   1.256637e-6   1050.0
2.0   0.39  0.064  4   1.256637e-6   1050.0
12.5  0.22  0.049  4   1.256637e-6   1050.0
6.3   0.28  0.054  4   1.256637e-6   1050.0
7.1   0.28  0.045  4   1.256637e-6   1050.0
17.2  0.43  0.069  4   1.256637e-6   1050.0
1.0   0.87  0.120  4   1.256637e-6   1050.0
3.2   0.26  0.053  4   1.256637e-6   1050.0
1.0   0.57  0.108  4   1.256637e-6   1050.0
3.2   0.26  0.053  4   1.256637e-6   1050.0
10.6  0.57  0.080  4   1.256637e-6   1050.0
5.0   0.16  0.043  4   1.256637e-6   1050.0
1.0   0.57  0.080  4   1.256637e-6   1050.0
5.9   0.52  0.076  4   1.256637e-6   1050.0
5.8   0.52  0.076  4   1.256637e-6   1050.0
14.4  0.27  0.055  4   1.256637e-6   1050.0
5.0   0.20  0.040  16  1.256637e-6   1050.0
44.3  0.24  0.050  8   1.256637e-6   1050.0
7.3   0.23  0.049  16  1.256637e-6   1050.0
21.0  0.18  0.045  16  1.256637e-6   1050.0
16.0  0.10  0.020  16  1.256637e-6   1050.0
14.5  0.27  0.055  4   1.256637e-6   1050.0
5.0   0.20  0.040  16  1.256637e-6   1050.0
44.4  0.24  0.050  8   1.256637e-6   1050.0
12.7  0.23  0.049  16  1.256637e-6   1050.0
32.2  0.18  0.045  16  1.256637e-6   1050.0
40.9  0.10  0.020  16  1.256637e-6   1050.0
